 Al - triple zeta
 
 13 12
0 0  7  2. 1.
   3.77925507720E+04   5.70478887090E-04
   5.66806821650E+03   4.40930165380E-03
   1.28985828410E+03   2.26309674110E-02
   3.64865960280E+02   8.80256442950E-02
   1.18576315150E+02   2.52237016120E-01
   4.20248676050E+01   4.59605471690E-01
   1.54995016290E+01   3.32778860140E-01
0 0  3  2. 1.
   7.52080265980E+01   1.92505601900E-02
   2.30314089720E+01   8.79067439520E-02
   3.63487976490E+00  -3.42467045350E-01
0 0  2  2. 1.
   1.60650499570E+00   1.51062660580E+00
   7.61033945810E-01   5.80710164700E-01
0 0  1  0. 1. *
   6.11416028302E-01   1.00000000000E+00
0 0  1  0. 1. *
   1.73483869838E-01   1.00000000000E+00
0 2  5  6. 1.
   4.52523031920E+02   2.31108124660E-03
   1.07081950490E+02   1.85686418230E-02
   3.41310212550E+01   8.72162370350E-02
   1.25870374280E+01   2.69021015230E-01
   4.98119197040E+00   5.21283242720E-01
0 2  1  1. 1. *
   1.95606775738E+00   1.00000000000E+00
0 2  1  0. 1. *
   7.52775780417E-01   1.00000000000E+00
0 2  1  0. 1. *
   1.68684476735E-01   1.00000000000E+00
0 3  2  0. 1.
   1.57000000000E+00   2.00000000000E-01
   3.33000000000E-01   1.00000000000E+00
0 3  1  0. 1. *
   6.74524566202E-01   1.00000000000E+00
0 4  1  0. 1. *
   2.70290295211E-01   1.00000000000E+00
