 Ar - triple zeta
 
 18 13
0 0  7  2. 1.
   7.91114229980E+04   5.10293250020E-04
   1.18647460090E+04   3.94630369810E-03
   2.70016429730E+03   2.03070739100E-02
   7.63959434850E+02   7.96918252140E-02
   2.48451505610E+02   2.34206238360E-01
   8.82835810000E+01   4.48338494810E-01
   3.29486070690E+01   3.64081674000E-01
0 0  3  2. 1.
   1.42553580000E+02   2.63874070010E-02
   4.41636880090E+01   1.12264339990E-01
   8.95249950000E+00  -2.61789220010E-01
0 0  2  2. 1.
   4.55469209410E+00   1.30024849980E+00
   2.14440790010E+00   6.71972370090E-01
0 0  1  0. 1. *
   6.14874634212E-01   1.00000000000E+00
0 0  1  0. 1. *
   2.17873501799E-01   1.00000000000E+00
0 2  5  6. 1.
   7.76775419980E+02   2.20280050030E-03
   1.83801070180E+02   1.76941800080E-02
   5.86940031750E+01   8.24312937170E-02
   2.17015916950E+01   2.42072788630E-01
   8.58214896350E+00   4.22635582510E-01
0 2  1  6. 1. *
   3.43108948168E+00   1.00000000000E+00
0 2  1  0. 1. *
   1.29586219954E+00   1.00000000000E+00
0 2  1  0. 1. *
   4.73667526469E-01   1.00000000000E+00
0 2  1  0. 1. *
   1.52964634435E-01   1.00000000000E+00
0 3  2  0. 1.
   5.55100000000E+00   2.00000000000E-01
   1.23500000000E+00   1.00000000000E+00
0 3  1  0. 1. *
   3.68156163751E-01   1.00000000000E+00
0 4  1  0. 1. *
   8.89285192225E-01   1.00000000000E+00
