 B - triple zeta
 
  5 10
0 0  6  2. 1.
   8.56486606870E+03   2.28371981550E-04
   1.28415162630E+03   1.76825764470E-03
   2.92278716040E+02   9.14070805160E-03
   8.27754691760E+01   3.63426389890E-02
   2.70179392690E+01   1.10634584410E-01
   9.81496196600E+00   2.33673443210E-01
0 0  2  2. 1.
   3.93185590590E+00   4.18187779780E-01
   1.65955997120E+00   2.23254737980E-01
0 0  1  0. 1. 
   8.12384664516E-01   1.00000000000E+00
0 0  1  0. 1. 
   5.31944111634E-01   1.00000000000E+00
0 0  1  0. 1. 
   1.70250253491E-01   1.00000000000E+00
0 2  4  1. 1.
   2.24538758030E+01   5.02655751790E-03
   5.10450583300E+00   3.28017389650E-02
   1.49860813440E+00   1.31512307680E-01
   5.09278313150E-01   3.31971677690E-01
0 2  1  0. 1. 
   9.75537780008E-01   1.00000000000E+00
0 2  1  0. 1. 
   1.74196956398E-01   1.00000000000E+00
0 3  1  0. 1. 
   6.90313868442E-01   1.00000000000E+00
0 4  1  0. 1. 
   4.29387241461E-01   1.00000000000E+00
