 Be - triple zeta
 
  4  9
0 0  6  2. 1.
   4.70023656260E+03   2.35843893160E-04
   7.04828456220E+02   1.82437910190E-03
   1.60431104780E+02   9.39661482240E-03
   4.54253473360E+01   3.69089241590E-02
   1.47983341250E+01   1.08975612810E-01
   5.35124525370E+00   2.16942845510E-01
0 0  2  2. 1.
   2.15420448190E+00   4.46954088570E-01
   9.33637444000E-01   2.08669857710E-01
0 0  1  0. 1. 
   9.20293384616E-01   1.00000000000E+00
0 0  1  0. 1. 
   4.89677295049E-01   1.00000000000E+00
0 0  1  0. 1. 
   1.45906555367E-01   1.00000000000E+00
0 2  2  0. 1.
   7.16956943660E-01  -1.68778540320E-01
   1.95419328600E-01  -5.14034196280E-01
0 2  1  0. 1. 
   3.61410611054E+00   1.00000000000E+00
0 2  1  0. 1. 
   2.01881274143E-01   1.00000000000E+00
0 3  1  0. 1. 
   3.45632242486E-01   1.00000000000E+00
