 C - triple zeta
 
  6 11
0 0  6  2. 1.
   1.35753496820E+04   2.22458143520E-04
   2.03523336800E+03   1.72327382520E-03
   4.63225623590E+02   8.92557153140E-03
   1.31200195980E+02   3.57279845020E-02
   4.28530158910E+01   1.10762599310E-01
   1.55841857660E+01   2.42956276260E-01
0 0  2  2. 1.
   6.20671385080E+00   4.14402634480E-01
   2.57648965270E+00   2.37449686550E-01
0 0  1  0. 1. 
   9.96164942002E-01   1.00000000000E+00
0 0  1  0. 1. 
   6.38373126590E-01   1.00000000000E+00
0 0  1  0. 1. 
   2.31166652661E-01   1.00000000000E+00
0 2  4  2. 1.
   3.46972322440E+01   5.33336578050E-03
   7.95826228260E+00   3.58641090920E-02
   2.37808268830E+00   1.42158733290E-01
   8.14332081830E-01   3.42704718450E-01
0 2  1  0. 1. 
   3.84832397891E-01   1.00000000000E+00
0 2  1  0. 1. 
   1.87899705316E-01   1.00000000000E+00
0 3  1  0. 1. 
   1.01061584864E+00   1.00000000000E+00
0 3  1  0. 1. 
   6.14506968465E-01   1.00000000000E+00
0 4  1  0. 1. 
   7.55573159273E-01   1.00000000000E+00
