 Cl - triple zeta
 
 17 13
0 0  7  2. 1.
   6.95079909450E+04   5.43148974970E-04
   1.04261568800E+04   4.19904639610E-03
   2.37323340610E+03   2.15921416790E-02
   6.71564200710E+02   8.45988500940E-02
   2.18419997900E+02   2.47572497240E-01
   7.75722497140E+01   4.70169302280E-01
   2.88888152770E+01   3.74363707160E-01
0 0  3  2. 1.
   1.27105271850E+02   2.51821666030E-02
   3.93395829610E+01   1.07861124560E-01
   7.67406799890E+00  -2.74088215740E-01
0 0  2  2. 1.
   3.87456276300E+00   1.32138750140E+00
   1.83858325730E+00   6.86369553680E-01
0 0  1  0. 1. *
   5.07498154767E-01   1.00000000308E+00
0 0  1  0. 1. *
   1.83127456586E-01   9.99999997835E-01
0 2  5  6. 1.
   6.66504232840E+02   2.36326638360E-03
   1.57642416900E+02   1.88793003740E-02
   5.02625209780E+01   8.72063412730E-02
   1.85360781050E+01   2.52856129700E-01
   7.29405327770E+00   4.35071548200E-01
0 2  1  5. 1. *
   2.89826632488E+00   1.00000000143E+00
0 2  1  0. 1. *
   1.10442102086E+00   1.00000000000E+00
0 2  1  0. 1. *
   4.09232170559E-01   1.00000000000E+00
0 2  1  0. 1. *
   1.36452167048E-01   1.00000000000E+00
0 3  2  0. 1.
   4.61000000000E+00   2.00000000000E-01
   1.01100000000E+00   1.00000000000E+00
0 3  1  0. 1. *
   3.32581229403E-01   1.00000000000E+00
0 4  1  0. 1. *
   5.98970631104E-01   1.00000000000E+00
