 F - triple zeta
 
  9 11
0 0  6  2. 1.
   3.54791004410E+04   2.15450148880E-04
   5.31847289830E+03   1.67006865270E-03
   1.21048109750E+03   8.67332114760E-03
   3.42855181400E+02   3.50499331750E-02
   1.12019431810E+02   1.11653201330E-01
   4.07147402480E+01   2.59885066470E-01
0 0  2  2. 1.
   1.60396781110E+01   3.94229668800E-01
   6.50381867400E+00   2.49982385510E-01
0 0  1  0. 1. 
   1.66612728857E+00   1.00000000000E+00
0 0  1  0. 1. 
   6.83506515681E-01   1.00000000000E+00
0 0  1  0. 1. 
   2.45202177665E-01   1.00000000000E+00
0 2  4  5. 1.
   8.02339004830E+01   6.36859991340E-03
   1.85940107430E+01   4.43031435300E-02
   5.68679026530E+00   1.68672487080E-01
   1.95110062940E+00   3.61663462550E-01
0 2  1  0. 1. 
   6.50003554984E-01   1.00000000000E+00
0 2  1  0. 1. 
   2.04092308648E-01   1.00000000000E+00
0 3  1  0. 1. 
   3.09940461539E+00   1.00000000000E+00
0 3  1  0. 1. 
   7.91701663415E-01   1.00000000000E+00
0 4  1  0. 1. 
   1.58659608364E+00   1.00000000000E+00
 
