 Li - triple zeta
 
  3  8
0 0  6  2. 1.
   6.26926280100E+03   2.05409688260E-04
   9.40316124310E+02   1.59165540890E-03
   2.14221075280E+02   8.28698297070E-03
   6.07598401840E+01   3.38563742490E-02
   1.99151520320E+01   1.11032258760E-01
   7.31715097970E+00   2.74493833290E-01
0 0  2  1. 1.
   2.97246742160E+00   2.37924564110E-01
   1.26398523140E+00   3.07654119240E-01
0 0  1  0. 1. 
   5.85479751111E-01   1.00000000000E+00
0 0  1  0. 1. 
   2.45524518689E-01   1.00000000000E+00
0 0  1  0. 1. 
   8.45783348222E-02   1.00000000000E+00
0 2  1  0. 1. 
   5.51558376316E-01   1.00000000000E+00
0 2  1  0. 1. 
   1.00554327699E-01   1.00000000000E+00
0 2  1  0. 1. 
   3.31046385234E+00   1.00000000000E+00
 
