 Mg - triple zeta
 
 12 12
0 0  7  2. 1.
   3.14383495550E+04   6.09123113260E-04
   4.71551533540E+03   4.70661964650E-03
   1.07316292470E+03   2.41358206570E-02
   3.03572387680E+02   9.36289598340E-02
   9.86262510420E+01   2.66467420930E-01
   3.49438084170E+01   4.78909299170E-01
   1.28597851990E+01   3.36984902860E-01
0 0  3  2. 1.
   6.48769130040E+01   1.91808893070E-02
   1.97255207770E+01   9.09137043920E-02
   2.89518043390E+00  -3.95637561250E-01
0 0  2  2. 1.
   1.19604547100E+00   1.68276033730E+00
   5.43294511560E-01   5.21410919540E-01
0 0  1  0. 1. *
   4.09879874002E-01   1.00000000000E+00
0 0  1  0. 1. *
   9.77945365001E-02   1.00000000000E+00
0 2  5  6. 1.
   1.79871896120E+02   5.37995490180E-03
   4.21200693760E+01   3.93180140980E-02
   1.31205030320E+01   1.57401294760E-01
   4.62575036090E+00   3.59190941280E-01
   1.66952110160E+00   4.55333793100E-01
0 2  1  0. 1. *
   5.17378832249E-01   1.00000000000E+00
0 2  1  0. 1. *
   3.61467900791E-01   1.00000000000E+00
0 2  1  0. 1. *
   1.21249626127E-01   1.00000000000E+00
0 3  1  0. 1. *
   3.43299411825E+00   1.00000000000E+00
0 3  1  0. 1. *
   5.37566209974E-01   1.00000000000E+00
0 3  1  0. 1. *
   1.57830699502E-01   1.00000000000E+00
