 N - triple zeta
 
  7 11
0 0  6  2. 1.
   1.97308006470E+04   2.18879849910E-04
   2.95789587450E+03   1.69607088030E-03
   6.73221335950E+02   8.79546035380E-03
   1.90682494940E+02   3.53593826050E-02
   6.22954418980E+01   1.10957892170E-01
   2.26541611820E+01   2.49829725520E-01
0 0  2  2. 1.
   8.97914774280E+00   4.06238961480E-01
   3.68630023700E+00   2.43382171760E-01
0 0  1  0. 1. 
   9.84742186051E-01   1.00000000000E+00
0 0  1  0. 1. 
   4.40633028847E-01   1.00000000000E+00
0 0  1  0. 1. 
   1.43374486891E-01   1.00000000000E+00
0 2  4  3. 1.
   4.92003805100E+01   5.55524167510E-03
   1.13467905370E+01   3.80523797230E-02
   3.42739724110E+00   1.49536710290E-01
   1.17855251340E+00   3.49493052300E-01
0 2  1  0. 1. 
   4.05553959640E-01   1.00000000000E+00
0 2  1  0. 1. 
   1.37203509080E-01   1.00000000000E+00
0 3  1  0. 1. 
   1.72557905350E+00   1.00000000000E+00
0 3  1  0. 1. 
   5.60733159589E-01   1.00000000000E+00
0 4  1  0. 1. 
   1.39702995210E+00   1.00000000000E+00
