 Na - triple zeta
 
 11 11
0 0  7  2. 1.
   2.60411099270E+04   6.18063428110E-04
   3.90612685480E+03   4.77486044140E-03
   8.88974549930E+02   2.44716848290E-02
   2.51454979610E+02   9.47553949770E-02
   8.16501435120E+01   2.68674969200E-01
   2.89041584010E+01   4.79254754400E-01
   1.06257829320E+01   3.32485914690E-01
0 0  3  2. 1.
   5.37694101790E+01   1.95277318720E-02
   1.63082430250E+01   9.26480107940E-02
   2.37303841250E+00  -3.99386701720E-01
0 0  2  1. 1.
   9.57307726030E-01   1.64285953910E+00
   4.08064609590E-01   5.56925969660E-01
0 0  1  0. 1. *
   2.12721167582E-01   9.99992062637E-01
0 0  1  0. 1. *
   7.82096876345E-02   9.99700925116E-01
0 2  5  6. 1.
   1.38079799890E+02   5.79518919290E-03
   3.22327003930E+01   4.16208462510E-02
   9.98160753600E+00   1.62819168850E-01
   3.48220339280E+00   3.60117846470E-01
   1.22991346200E+00   4.48589798890E-01
0 2  1  0. 1. *
   4.03415531731E-01   1.00001437874E+00
0 2  1  0. 1. *
   8.50539333916E-02   1.00010780928E+00
0 3  1  0. 1. *
   2.60862497919E+00   1.00000000000E+00
0 3  1  0. 1. *
   4.33739110192E-01   1.00000000000E+00
0 3  1  0. 1. *
   1.11542851169E-01   1.00000000000E+00
