 Ne - triple zeta
 
 10 11
0 0  6  2. 1.
   4.50694640220E+04   2.16871551820E-04
   6.75597686560E+03   1.68127367570E-03
   1.53765028640E+03   8.73560627820E-03
   4.35516976670E+02   3.53612669220E-02
   1.42286556380E+02   1.13215214540E-01
   5.16921538040E+01   2.66546531040E-01
0 0  2  2. 1.
   2.03158704900E+01   3.96319599510E-01
   8.20219426460E+00   2.55828112510E-01
0 0  1  0. 1. 
   1.99148453462E+00   1.00000000000E+00
0 0  1  0. 1. 
   7.17861639090E-01   1.00000000000E+00
0 0  1  0. 1. 
   2.30862346114E-01   1.00000000000E+00
0 2  4  6. 1.
   9.97829960320E+01   6.55692341630E-03
   2.31761241010E+01   4.58880091380E-02
   7.11639458720E+00   1.73312878120E-01
   2.44187114350E+00   3.64752675120E-01
0 2  1  0. 1. 
   8.06898037129E-01   1.00000000000E+00
0 2  1  0. 1. 
   2.43088088921E-01   1.00000000000E+00
0 3  1  0. 1. 
   4.01393991301E+00   1.00000000000E+00
0 3  1  0. 1. 
   1.09174509672E+00   1.00000000000E+00
0 4  1  0. 1. 
   2.54397846871E+00   1.00000000000E+00
