 O - triple zeta
 
  8 11
0 0  6  2. 1.
   2.70323826310E+04   2.17263024650E-04
   4.05238713920E+03   1.68386621990E-03
   9.22327227100E+02   8.73956162650E-03
   2.61240709890E+02   3.52399688080E-02
   8.53546413510E+01   1.11535191150E-01
   3.10350352450E+01   2.55889539610E-01
0 0  2  2. 1.
   1.22608607280E+01   3.97687309010E-01
   4.99870760050E+00   2.46278494300E-01
0 0  1  0. 1. 
   1.34152779331E+00   1.00000000000E+00
0 0  1  0. 1. 
   5.74786277552E-01   1.00000000000E+00
0 0  1  0. 1. 
   1.94610904831E-01   1.00000000000E+00
0 2  4  4. 1.
   6.32749548010E+01   6.06851034180E-03
   1.46270493790E+01   4.19125758240E-02
   4.45012234560E+00   1.61538410880E-01
   1.52757996470E+00   3.57069513110E-01
0 2  1  0. 1. 
   5.30270515260E-01   1.00000000000E+00
0 2  1  0. 1. 
   1.80510713838E-01   1.00000000000E+00
0 3  1  0. 1. 
   2.24203061685E+00   1.00000000000E+00
0 3  1  0. 1. 
   6.83126234914E-01   1.00000000000E+00
0 4  1  0. 1. 
   1.50936556890E+00   1.00000000000E+00

