 P - triple zeta
 
 15 13
0 0  7  2. 1.
   5.24269992330E+04   5.52071641000E-04
   7.86326605520E+03   4.26785953080E-03
   1.78952273330E+03   2.19315291860E-02
   5.06273001650E+02   8.56671683730E-02
   1.64606985460E+02   2.48406866050E-01
   5.83919187220E+01   4.63367539710E-01
   2.16436632010E+01   3.53505581560E-01
0 0  3  2. 1.
   9.90138376200E+01   2.18956799580E-02
   3.05504398170E+01   9.56504702950E-02
   5.45370876610E+00  -2.94542701860E-01
0 0  2  2. 1.
   2.65033625630E+00   1.32943812000E+00
   1.27266888670E+00   6.61093964730E-01
0 0  1  0. 1. *
   3.31966459013E-01   1.00000000000E+00
0 0  1  0. 1. *
   1.36421807855E-01   1.00000000000E+00
0 2  5  6. 1.
   4.72272192480E+02   2.57106230520E-03
   1.11588827560E+02   2.02502979990E-02
   3.54459364180E+01   9.15807167870E-02
   1.29907768750E+01   2.57494540140E-01
   5.04862216580E+00   4.28628997580E-01
0 2  1  3. 1. *
   1.97270668835E+00   1.00000000000E+00
0 2  1  0. 1. *
   7.81937693603E-01   1.00000000000E+00
0 2  1  0. 1. *
   3.37354535997E-01   1.00000000000E+00
0 2  1  0. 1. *
   1.27287325416E-01   1.00000000000E+00
0 3  2  0. 1.
   3.12000000000E+00   2.00000000000E-01
   6.48000000000E-01   1.00000000000E+00
0 3  1  0. 1. *
   2.27496494415E-01   1.00000000000E+00
0 4  1  0. 1. *
   4.55790298326E-01   1.00000000000E+00
