 S - triple zeta
 
 16 13
0 0  7  2. 1.
   6.07009281040E+04   5.46959442250E-04
   9.10261068540E+03   4.22972245570E-03
   2.07141660090E+03   2.17478241590E-02
   5.86024768210E+02   8.51000535890E-02
   1.90553950210E+02   2.47991284590E-01
   6.76303842600E+01   4.67036404060E-01
   2.51273069050E+01   3.64345875500E-01
0 0  3  2. 1.
   1.12574630100E+02   2.16700402400E-02
   3.47955542170E+01   9.36023017600E-02
   6.51155562150E+00  -2.60680014220E-01
0 0  2  2. 1.
   3.23990322610E+00   1.28420894350E+00
   1.54771608810E+00   6.60364165840E-01
0 0  1  0. 1. *
   4.79267087636E-01   1.00000000000E+00
0 0  1  0. 1. *
   2.10561167562E-01   1.00000000000E+00
0 2  5  6. 1.
   5.64367160270E+02   2.47967963170E-03
   1.33426243790E+02   1.96779302500E-02
   4.24682711890E+01   8.99800082580E-02
   1.56165275800E+01   2.57058805750E-01
   6.10939884690E+00   4.35151672920E-01
0 2  1  4. 1. *
   2.43785034818E+00   1.00000000000E+00
0 2  1  0. 1. *
   1.09182124384E+00   1.00000000000E+00
0 2  1  0. 1. *
   4.31410869933E-01   1.00000000000E+00
0 2  1  0. 1. *
   1.57376926419E-01   1.00000000000E+00
0 3  2  0. 1.
   3.75600000000E+00   2.00000000000E-01
   8.12000000000E-01   1.00000000000E+00
0 3  1  0. 1. *
   2.44218244587E-01   1.00000000000E+00
0 4  1  0. 1. *
   5.38814682974E-01   1.00000000000E+00
