 Si - triple zeta
 
 14 13
0 0  7  2. 1.
   4.47733580780E+04   5.59147658680E-04
   6.71719921040E+03   4.32060401890E-03
   1.52889603250E+03   2.21870964600E-02
   4.32547465850E+02   8.64892491160E-02
   1.40615052260E+02   2.49398897160E-01
   4.98576367240E+01   4.60171973660E-01
   1.84349748850E+01   3.42502365750E-01
0 0  3  2. 1.
   8.65338861110E+01   2.13000630070E-02
   2.66246068460E+01   9.46761393180E-02
   4.49530571590E+00  -3.26162648590E-01
0 0  2  2. 1.
   2.10350457100E+00   1.39808038500E+00
   1.01060949220E+00   6.38657866990E-01
0 0  1  0. 1. *
   7.55014937995E-01   1.00000000000E+00
0 0  1  0. 1. *
   1.98542015743E-01   1.00000000000E+00
0 2  5  6. 1.
   3.94475036280E+02   2.62856939590E-03
   9.31376831040E+01   2.05562577490E-02
   2.95196087420E+01   9.20702628010E-02
   1.07816637910E+01   2.55658897390E-01
   4.16265747780E+00   4.21117071850E-01
0 2  1  2. 1. *
   1.60593926612E+00   1.00000000000E+00
0 2  1  0. 1. *
   6.34982274128E-01   1.00000000000E+00
0 2  1  0. 1. *
   2.95336224842E-01   1.00000000000E+00
0 2  1  0. 1. *
   1.01085545700E-01   1.00000000000E+00
0 3  2  0. 1.
   2.30300000000E+00   2.00000000000E-01
   4.76000000000E-01   1.00000000000E+00
0 3  1  0. 1. *
   2.62241055556E-01   1.00000000000E+00
0 4  1  0. 1. *
   3.61111716854E-01   1.00000000000E+00
